0 3109 USCounties_SocioDemo_PCs POLY_ID
1 42        0.797178808
1 23        0.910152859
1 31         1.23747234
1 66          1.2853014
1 56         1.33430521
2 3        0.665979531
2 71         0.90183678
2 4          1.2248459
2 5         1.24484098
2 57         1.37834554
3 5        0.597244215
3 2        0.665979531
3 64        0.898246159
3 71        0.996363202
3 29         1.25962652
4 57        0.813545362
4 44          1.1095846
4 2          1.2248459
4 70         1.37469425
4 71          1.6427621
5 3        0.597244215
5 29        0.715404967
5 6        0.836619331
5 64        0.922169164
5 67         1.03746793
6 29        0.489336205
6 5        0.836619331
6 7          1.0859819
6 67         1.11934205
6 3         1.43342744
7 51        0.913370237
7 6          1.0859819
7 29           1.216699
7 63         1.28940417
7 8         1.37625619
8 65        0.651528572
8 9         1.13266125
8 51         1.24626957
8 88          1.2653728
8 7         1.37625619
9 45        0.902553345
9 8         1.13266125
9 61         1.14838414
9 10          1.3005942
9 65         1.52583799
10 11         0.67665638
10 45        0.687749658
10 61        0.986505603
10 9          1.3005942
10 83         1.38990481
11 10         0.67665638
11 48        0.899397127
11 12        0.917808804
11 45         1.25188132
11 83         1.29181519
12 48        0.815414678
12 11        0.917808804
12 24         1.16710589
12 10         1.58555809
12 100         1.58780011
13 37        0.669499432
13 60        0.933795328
13 14         1.02356491
13 27         1.04508238
13 33         1.09051527
14 33        0.469284661
14 15        0.973297824
14 13         1.02356491
14 58         1.07827081
14 38         1.28902577
15 38        0.610960401
15 16        0.859086598
15 14        0.973297824
15 33         1.06373212
15 30         1.12949115
16 30        0.510354624
16 17        0.826746724
16 15        0.859086598
16 38        0.866719247
16 34         1.13029527
17 34        0.588619327
17 16        0.826746724
17 30        0.904346896
17 18        0.990627273
17 43          1.0151378
18 43        0.536189054
18 19        0.604749779
18 47        0.844067406
18 34        0.955552273
18 17        0.990627273
19 18        0.604749779
19 47        0.627475527
19 40         0.66866267
19 20        0.790427348
19 43        0.850412011
20 40        0.569267744
20 19        0.790427348
20 41        0.842863423
20 53        0.891925414
20 21        0.914185407
21 41         0.43369125
21 22        0.764031908
21 54        0.849888432
21 20        0.914185407
21 53         1.06321008
22 39        0.592871044
22 21        0.764031908
22 23        0.969344954
22 41         1.02149839
22 56         1.03048922
23 39        0.690301934
23 56        0.744950403
23 1        0.910152859
23 69         0.94783458
23 22        0.969344954
24 25         1.05925665
24 12         1.16710589
24 80         1.19619422
24 89         1.49629409
24 48         1.57738754
25 24         1.05925665
25 89         1.19241595
25 26         1.25120476
25 68         1.34366778
25 80         1.64187044
26 62         1.12862828
26 68         1.13657275
26 27         1.19804347
26 25         1.25120476
26 37            1.64888
27 37        0.718389952
27 13         1.04508238
27 62         1.16925959
27 26         1.19804347
27 60         1.40122795
28 32        0.350511472
28 49        0.780483265
28 50         1.09869088
28 82         1.33609783
28 36         1.40814807
29 6        0.489336205
29 67        0.631697117
29 5        0.715404967
29 64         1.04827936
29 102         1.08316029
30 16        0.510354624
30 77        0.650331065
30 38        0.815819838
30 34        0.902518192
30 17        0.904346896
31 74        0.751481483
31 42          1.1874433
31 1         1.23747234
31 98         1.40666409
31 35         1.46101547
32 28        0.350511472
32 49        0.430913021
32 50        0.909361416
32 82         0.98569556
32 44         1.26075973
33 14        0.469284661
33 58        0.610908775
33 15         1.06373212
33 13         1.09051527
33 38         1.13595737
34 17        0.588619327
34 43        0.661578906
34 75        0.720531713
34 30        0.902518192
34 77        0.927073945
35 52         1.02322638
35 135          1.0358211
35 74         1.16609468
35 137         1.30001499
35 122         1.37597879
36 50        0.646692434
36 59        0.953444385
36 46        0.980348761
36 73         1.00694678
36 87         1.18393678
37 13        0.669499432
37 60        0.684103975
37 27        0.718389952
37 62         1.01573719
37 81          1.0383765
38 15        0.610960401
38 30        0.815819838
38 16        0.866719247
38 79        0.884287731
38 93         1.03450654
39 56        0.437956446
39 69        0.551656366
39 55        0.584834572
39 22        0.592871044
39 23        0.690301934
40 20        0.569267744
40 78        0.577680977
40 53        0.634725651
40 19         0.66866267
40 47         0.67623947
41 21         0.43369125
41 54        0.520832588
41 53        0.650159149
41 20        0.842863423
41 85        0.912022684
42 66        0.594429629
42 1        0.797178808
42 101        0.866156103
42 96         1.08816595
42 56         1.10049461
43 18        0.536189054
43 47         0.63067704
43 34        0.661578906
43 76        0.729339848
43 75        0.769593767
44 91         0.74730088
44 57        0.938372384
44 49         1.09640349
44 4          1.1095846
44 82         1.23689155
45 61        0.388618518
45 10        0.687749658
45 9        0.902553345
45 72         1.11425053
45 11         1.25188132
46 59        0.440544563
46 94        0.911136496
46 36        0.980348761
46 87        0.992786996
46 73         1.31930091
47 76        0.563542488
47 78        0.582599231
47 19        0.627475527
47 43         0.63067704
47 40         0.67623947
48 12        0.815414678
48 100        0.850286084
48 11        0.899397127
48 83         1.07536286
48 80          1.3615788
49 32        0.430913021
49 82        0.560987884
49 28        0.780483265
49 50        0.876621987
49 73         1.07887437
50 73        0.546691791
50 36        0.646692434
50 109        0.865127179
50 49        0.876621987
50 32        0.909361416
51 97        0.542850115
51 63        0.823345377
51 7        0.913370237
51 65         1.04007362
51 126         1.12941957
52 2925         0.94796887
52 35         1.02322638
52 125         1.13269251
52 137         1.28791182
52 148         1.56669179
53 84         0.46520045
53 40        0.634725651
53 41        0.650159149
53 85        0.657294936
53 54        0.738061513
54 41        0.520832588
54 85        0.538754323
54 86        0.549403943
54 53        0.738061513
54 21        0.849888432
55 69        0.316876111
55 95        0.450169596
55 56        0.466611754
55 39        0.584834572
55 96        0.738191899
56 69        0.202899557
56 39        0.437956446
56 55        0.466611754
56 23        0.744950403
56 96        0.771849671
57 70        0.581450442
57 4        0.813545362
57 44        0.938372384
57 91         1.16899111
57 71         1.27759819
58 33        0.610908775
58 105        0.718511395
58 79        0.865986055
58 104        0.920924905
58 14         1.07827081
59 46        0.440544563
59 87        0.552252921
59 94         0.61621553
59 73        0.934949534
59 36        0.953444385
60 81        0.623076108
60 37        0.684103975
60 103        0.878915743
60 13        0.933795328
60 104         1.11365785
61 45        0.388618518
61 72        0.729179892
61 10        0.986505603
61 83         1.03985817
61 9         1.14838414
62 115        0.891170224
62 81        0.977739475
62 37         1.01573719
62 26         1.12862828
62 27         1.16925959
63 126         0.71704099
63 102        0.778616999
63 51        0.823345377
63 67          0.8712811
63 97        0.913582456
64 67        0.706063504
64 112        0.731530374
64 102        0.849166454
64 3        0.898246159
64 5        0.922169164
65 88        0.631143078
65 8        0.651528572
65 97           1.033504
65 51         1.04007362
65 90          1.3941885
66 96        0.499249581
66 42        0.594429629
66 101        0.660362358
66 116        0.708321975
66 69        0.775212868
67 102        0.459455771
67 29        0.631697117
67 64        0.706063504
67 119        0.861267801
67 63          0.8712811
68 128         1.08063313
68 165         1.09926777
68 26         1.13657275
68 62         1.25386227
68 89         1.26103379
69 56        0.202899557
69 55        0.316876111
69 39        0.551656366
69 96        0.616554763
69 95        0.652761294
70 57        0.581450442
70 140        0.870162742
70 111        0.917000919
70 141        0.970200112
70 71         1.09702632
71 111        0.609457963
71 2         0.90183678
71 3        0.996363202
71 64         1.01533286
71 70         1.09702632
72 90        0.606255548
72 61        0.729179892
72 163         1.02202141
72 83          1.0597983
72 45         1.11425053
73 109        0.318458869
73 50        0.546691791
73 87        0.584670671
73 118          0.7195163
73 82        0.900149466
74 31        0.751481483
74 98        0.892842714
74 122         0.93104944
74 131         1.11924495
74 35         1.16609468
75 108        0.611726059
75 76         0.68325497
75 34        0.720531713
75 43        0.769593767
75 107        0.819436552
76 47        0.563542488
76 107        0.621971042
76 75         0.68325497
76 43        0.729339848
76 78         0.76934507
77 110        0.494122525
77 93        0.596839639
77 30        0.650331065
77 124        0.893517233
77 34        0.927073945
78 92        0.262540081
78 40        0.577680977
78 47        0.582599231
78 84        0.715318292
78 106        0.741430017
79 123        0.550664698
79 93        0.789453516
79 105        0.825455829
79 58        0.865986055
79 38        0.884287731
80 136        0.886435976
80 89        0.982773739
80 139         1.01714578
80 100         1.06701845
80 138         1.12818381
81 60        0.623076108
81 115        0.625919044
81 103         0.71781925
81 62        0.977739475
81 37          1.0383765
82 49        0.560987884
82 73        0.900149466
82 109        0.983841418
82 32         0.98569556
82 50         1.01367448
83 120         0.84635448
83 134        0.989892902
83 61         1.03985817
83 72          1.0597983
83 48         1.07536286
84 53         0.46520045
84 85        0.512923576
84 113        0.549771151
84 92        0.645900626
84 78        0.715318292
85 84        0.512923576
85 54        0.538754323
85 86        0.563842644
85 113        0.626482861
85 53        0.657294936
86 114        0.528793788
86 54        0.549403943
86 85        0.563842644
86 95        0.717607273
86 55        0.826898997
87 109        0.458362644
87 59        0.552252921
87 73        0.584670671
87 118        0.595325141
87 94        0.598157419
88 65        0.631143078
88 129        0.799045215
88 147        0.975330326
88 90         1.00240842
88 97          1.0780036
89 138        0.638380446
89 80        0.982773739
89 164         1.18056343
89 136         1.18157849
89 25         1.19241595
90 72        0.606255548
90 129        0.675749454
90 181        0.811137055
90 88         1.00240842
90 188         1.00324967
91 121        0.668153295
91 44         0.74730088
91 57         1.16899111
91 82         1.17386359
91 70         1.23046269
92 78        0.262540081
92 106        0.483526345
92 84        0.645900626
92 47        0.781710581
92 76        0.789674957
93 110        0.534462186
93 77        0.596839639
93 79        0.789453516
93 124        0.807027364
93 123        0.959532519
94 87        0.598157419
94 132        0.599297028
94 59         0.61621553
94 46        0.911136496
94 173        0.921883431
95 117        0.437520979
95 55        0.450169596
95 96        0.645029245
95 69        0.652761294
95 86        0.717607273
96 116        0.415205019
96 66        0.499249581
96 69        0.616554763
96 95        0.645029245
96 55        0.738191899
97 51        0.542850115
97 126         0.81029972
97 63        0.913582456
97 65           1.033504
97 88          1.0780036
98 131        0.534361864
98 101         0.61267334
98 130        0.743003128
98 74        0.892842714
98 175        0.940082122
99 162         1.06863485
99 170         1.25453666
99 161         1.77852467
99 232         1.87203169
99 346         1.94393059
100 139         0.71429704
100 120        0.770851149
100 48        0.850286084
100 80         1.06701845
100 83         1.11321308
101 130        0.527994044
101 98         0.61267334
101 66        0.660362358
101 116        0.779251416
101 42        0.866156103
102 119        0.406925036
102 67        0.459455771
102 63        0.778616999
102 64        0.849166454
102 157        0.900783644
103 104        0.402720156
103 145        0.658647978
103 81         0.71781925
103 105        0.872055362
103 60        0.878915743
104 103        0.402720156
104 105        0.476792068
104 152        0.627374952
104 145        0.832839502
104 179        0.890637683
105 104        0.476792068
105 152        0.585056933
105 58        0.718511395
105 123         0.75280667
105 79        0.825455829
106 92        0.483526345
106 151        0.672291932
106 149        0.735366949
106 78        0.741430017
106 107         0.82382691
107 149        0.605277662
107 76        0.621971042
107 108        0.685389336
107 75        0.819436552
107 106         0.82382691
108 75        0.611726059
108 107        0.685389336
108 150        0.730500653
108 124         0.85604176
108 110        0.878015598
109 73        0.318458869
109 118        0.401360866
109 87        0.458362644
109 133        0.813137252
109 50        0.865127179
110 124        0.402202652
110 77        0.494122525
110 93        0.534462186
110 142        0.818859505
110 108        0.878015598
111 140        0.559813425
111 71        0.609457963
111 159        0.757350145
111 70        0.917000919
111 158        0.949314344
112 144        0.469190503
112 158        0.714093084
112 64        0.731530374
112 167        0.773926528
112 119        0.815655918
113 84        0.549771151
113 85        0.626482861
113 154        0.634342442
113 151        0.669886646
113 114        0.824342733
114 86        0.528793788
114 154        0.632032922
114 85        0.708941374
114 155        0.735675119
114 117        0.760538535
115 81        0.625919044
115 127        0.637518949
115 62        0.891170224
115 145         1.09589803
115 103         1.13683304
116 96        0.415205019
116 143        0.528515412
116 66        0.708321975
116 101        0.779251416
116 130        0.785579617
117 95        0.437520979
117 156        0.536689654
117 114        0.760538535
117 155        0.776178932
117 96        0.805247906
118 109        0.401360866
118 133        0.545461762
118 87        0.595325141
118 73          0.7195163
118 172        0.733794202
119 102        0.406925036
119 157        0.494116611
119 166        0.645224768
119 167        0.789821826
119 112        0.815655918
120 134        0.660505569
120 100        0.770851149
120 83         0.84635448
120 139         1.04912812
120 185         1.09528231
121 198        0.586393434
121 91        0.668153295
121 226         1.05751037
121 217         1.20369701
121 141         1.24617246
122 131        0.667471016
122 192        0.671449242
122 182        0.704738481
122 135        0.740019731
122 169        0.832775729
123 153        0.425201354
123 79        0.550664698
123 180        0.729080627
123 105         0.75280667
123 152        0.880596064
124 110        0.402202652
124 142        0.508085121
124 168        0.652712472
124 93        0.807027364
124 108         0.85604176
125 148        0.583099276
125 190        0.647479721
125 137        0.715136764
125 189        0.857791776
125 160         1.00300501
126 63         0.71704099
126 97         0.81029972
126 146        0.851867366
126 166        0.879858999
126 119         1.06479458
127 115        0.637518949
127 218        0.859743433
127 128         1.15798529
127 145         1.15859937
127 81         1.21478999
128 165        0.540583504
128 68         1.08063313
128 199         1.10866498
128 127         1.15798529
128 218         1.38278126
129 181        0.507998451
129 90        0.675749454
129 147        0.754984874
129 88        0.799045215
129 188        0.935754648
130 174         0.51956794
130 101        0.527994044
130 98        0.743003128
130 143        0.757667925
130 116        0.785579617
131 175        0.508452956
131 98        0.534361864
131 122        0.667471016
131 182        0.700423056
131 216        0.786110397
132 173        0.379634388
132 183        0.577865127
132 94        0.599297028
132 187        0.870113316
132 87        0.944236887
133 172        0.478867162
133 118        0.545461762
133 171        0.734622788
133 197        0.801496422
133 109        0.813137252
134 163        0.625215334
134 120        0.660505569
134 185        0.857229192
134 83        0.989892902
134 215         1.11472474
135 169        0.474054601
135 122        0.740019731
135 137        0.777290861
135 191        0.791030287
135 192        0.893911395
136 139        0.679888218
136 194        0.743751681
136 138        0.785618072
136 80        0.886435976
136 184        0.952909361
137 189        0.544991963
137 125        0.715136764
137 191        0.724773893
137 135        0.777290861
137 169        0.879889839
138 164        0.573427665
138 89        0.638380446
138 136        0.785618072
138 80         1.12818381
138 165         1.16243266
139 184        0.657980382
139 136        0.679888218
139 100         0.71429704
139 194        0.919728477
139 80         1.01714578
140 159        0.519874587
140 111        0.559813425
140 141        0.682012535
140 70        0.870162742
140 201        0.959147281
141 140        0.682012535
141 213        0.828347028
141 70        0.970200112
141 201         1.01131018
141 159         1.03531012
142 124        0.508085121
142 168        0.647016368
142 208        0.787529006
142 110        0.818859505
142 153        0.822971278
143 116        0.528515412
143 196        0.539792216
143 195        0.562251498
143 130        0.757667925
143 156        0.758473826
144 158        0.382286605
144 167        0.416267088
144 112        0.469190503
144 157        0.803430322
144 119        0.917524583
145 103        0.658647978
145 193        0.826486285
145 104        0.832839502
145 179        0.925733743
145 152        0.967914376
146 126        0.851867366
146 166         1.03509783
146 267         1.08163046
146 147         1.36741968
146 259         1.36962622
147 129        0.754984874
147 88        0.975330326
147 181         1.05522736
147 231           1.155921
147 146         1.36741968
148 160        0.447090369
148 125        0.583099276
148 190        0.599288029
148 203        0.665651876
148 235        0.907340116
149 176        0.349341291
149 107        0.605277662
149 106        0.735366949
149 206        0.735671368
149 150        0.781277248
150 204        0.543620424
150 108        0.730500653
150 149        0.781277248
150 176        0.817411004
150 168        0.825209894
151 177        0.349636776
151 113        0.669886646
151 106        0.672291932
151 154        0.880606319
151 209        0.886336797
152 179        0.342481943
152 105        0.585056933
152 104        0.627374952
152 205        0.869694894
152 123        0.880596064
153 180        0.344210782
153 123        0.425201354
153 142        0.822971278
153 207        0.942100729
153 79        0.942486301
154 178        0.350398402
154 114        0.632032922
154 113        0.634342442
154 211        0.700493864
154 155        0.738148383
155 156         0.48948854
155 212        0.630803699
155 200        0.684500611
155 178        0.704208914
155 114        0.735675119
156 155         0.48948854
156 117        0.536689654
156 200         0.58300755
156 195        0.621214248
156 143        0.758473826
157 166        0.340623108
157 167        0.470154711
157 119        0.494116611
157 144        0.803430322
157 202        0.854663451
158 144        0.382286605
158 159        0.574679392
158 167        0.707358329
158 112        0.714093084
158 111        0.949314344
159 140        0.519874587
159 158        0.574679392
159 201        0.691200729
159 111        0.757350145
159 144        0.950229424
160 148        0.447090369
160 2931        0.571070894
160 203        0.593718416
160 2936        0.755756319
160 2944        0.909023365
161 233        0.726697181
161 162        0.748595171
161 315         1.11685217
161 310           1.284904
161 251         1.28840439
162 161        0.748595171
162 170        0.768320584
162 99         1.06863485
162 310         1.33605434
162 233         1.44868884
163 188        0.605352612
163 134        0.625215334
163 215        0.865386809
163 181        0.973586294
163 72         1.02202141
164 138        0.573427665
164 199        0.938031984
164 136         1.00741448
164 165         1.03818026
164 236         1.03825889
165 128        0.540583504
165 199        0.820240733
165 164         1.03818026
165 68         1.09926777
165 138         1.16243266
166 157        0.340623108
166 119        0.645224768
166 167        0.784642695
166 126        0.879858999
166 202         1.00383943
167 144        0.416267088
167 157        0.470154711
167 202        0.613954277
167 158        0.707358329
167 112        0.773926528
168 208        0.430599693
168 142        0.647016368
168 124        0.652712472
168 150        0.825209894
168 243        0.966511895
169 191        0.453425083
169 135        0.474054601
169 192        0.582757345
169 225        0.639839775
169 227        0.719931012
170 346        0.740913453
170 162        0.768320584
170 310         1.02648006
170 232         1.07281468
170 99         1.25453666
171 229        0.569105105
171 197        0.617027672
171 228        0.691765163
171 133        0.734622788
171 172           0.783599
172 197        0.456067593
172 133        0.478867162
172 187        0.479027566
172 228        0.698197326
172 118        0.733794202
173 132        0.379634388
173 183        0.390323254
173 187        0.490852531
173 172        0.755380075
173 221        0.811072112
174 130         0.51956794
174 196        0.572272666
174 219         0.59124188
174 175        0.635560679
174 222        0.728927535
175 216        0.412389851
175 131        0.508452956
175 219        0.575013411
175 174        0.635560679
175 182        0.639176134
176 149        0.349341291
176 206        0.405462391
176 204        0.700753509
176 238        0.723985327
176 150        0.817411004
177 151        0.349636776
177 209        0.540602437
177 206        0.794731136
177 178        0.873944687
177 154        0.915190504
178 211        0.350146399
178 154        0.350398402
178 155        0.704208914
178 239        0.737046404
178 212        0.830538577
179 152        0.342481943
179 205        0.532503956
179 104        0.890637683
179 145        0.925733743
179 105        0.927285292
180 153        0.344210782
180 207        0.605605154
180 123        0.729080627
180 142        0.921600022
180 179        0.993780363
181 188        0.444923702
181 129        0.507998451
181 90        0.811137055
181 210        0.946070921
181 163        0.973586294
182 192         0.33849372
182 216        0.436527828
182 224        0.499359648
182 241        0.509662282
182 175        0.639176134
183 173        0.390323254
183 220        0.525385826
183 187        0.567892673
183 132        0.577865127
183 221         0.70027686
184 194        0.569675959
184 139        0.657980382
184 186        0.671711079
184 136        0.952909361
184 236         1.08931364
185 186        0.645689029
185 215        0.781250596
185 134        0.857229192
185 120         1.09528231
185 163         1.10362158
186 185        0.645689029
186 184        0.671711079
186 194         1.14999193
186 120         1.17127045
186 139         1.19324621
187 221        0.386141003
187 172        0.479027566
187 173        0.490852531
187 183        0.567892673
187 197        0.628681485
188 181        0.444923702
188 163        0.605352612
188 210        0.810050229
188 129        0.935754648
188 215        0.949075579
189 234        0.477797755
189 137        0.544991963
189 191        0.573004052
189 190         0.64782504
189 227        0.782690969
190 235          0.4048764
190 148        0.599288029
190 125        0.647479721
190 189         0.64782504
190 203        0.809974191
191 227        0.406748727
191 169        0.453425083
191 189        0.573004052
191 225        0.650003735
191 234        0.674185883
192 182         0.33849372
192 224        0.381691898
192 169        0.582757345
192 225        0.587356476
192 247        0.671177229
193 145        0.826486285
193 284        0.926105101
193 205         1.04034644
193 218         1.09993657
193 179         1.17783965
194 184        0.569675959
194 236        0.575547189
194 136        0.743751681
194 139        0.919728477
194 186         1.14999193
195 223        0.347894727
195 200         0.48755312
195 196        0.558676864
195 143        0.562251498
195 156        0.621214248
196 222        0.346651071
196 143        0.539792216
196 195        0.558676864
196 174        0.572272666
196 223        0.648226199
197 228        0.244467012
197 172        0.456067593
197 171        0.617027672
197 187        0.628681485
197 244        0.650959399
198 226        0.482649349
198 121        0.586393434
198 217        0.762738436
198 230        0.809519922
198 229        0.932669475
199 165        0.820240733
199 287        0.882743202
199 164        0.938031984
199 285         1.03131908
199 128         1.10866498
200 240        0.349564167
200 195         0.48755312
200 212        0.498492879
200 223        0.507904561
200 156         0.58300755
201 159        0.691200729
201 214        0.784010847
201 213        0.865909152
201 140        0.959147281
201 141         1.01131018
202 167        0.613954277
202 157        0.854663451
202 214        0.867872458
202 144        0.925481629
202 166         1.00383943
203 250        0.490811112
203 160        0.593718416
203 148        0.665651876
203 2949        0.715493215
203 235        0.801717863
204 237        0.339083171
204 150        0.543620424
204 176        0.700753509
204 260        0.712752266
204 206        0.829023247
205 179        0.532503956
205 266        0.672049622
205 152        0.869694894
205 207           1.024832
205 193         1.04034644
206 238        0.345320239
206 176        0.405462391
206 261        0.701675016
206 149        0.735671368
206 177        0.794731136
207 180        0.605605154
207 153        0.942100729
207 275        0.949216778
207 242        0.957029242
207 205           1.024832
208 168        0.430599693
208 243        0.637376344
208 142        0.787529006
208 242        0.861955624
208 124         1.01345369
209 177        0.540602437
209 263        0.650346541
209 211         0.77397087
209 239        0.777257201
209 238        0.879787966
210 188        0.810050229
210 181        0.946070921
210 215         0.99257658
210 329         1.01165125
210 231         1.05582115
211 178        0.350146399
211 239        0.388411451
211 212        0.659626058
211 154        0.700493864
211 209         0.77397087
212 252        0.495989137
212 200        0.498492879
212 240        0.571607358
212 155        0.630803699
212 211        0.659626058
213 217        0.628221453
213 274        0.821132325
213 141        0.828347028
213 201        0.865909152
213 289         1.09048576
214 272        0.681832244
214 201        0.784010847
214 202        0.867872458
214 158         1.00040582
214 159         1.04087086
215 185        0.781250596
215 163        0.865386809
215 188        0.949075579
215 210         0.99257658
215 329         1.10221204
216 241         0.33370734
216 175        0.412389851
216 182        0.436527828
216 245        0.522801456
216 219        0.632354737
217 226        0.478356362
217 213        0.628221453
217 274        0.680033046
217 198        0.762738436
217 230        0.982002121
218 127        0.859743433
218 193         1.09993657
218 286         1.15182579
218 284         1.33235181
218 128         1.38278126
219 253         0.43666367
219 248        0.561051878
219 175        0.575013411
219 174         0.59124188
219 216        0.632354737
220 246         0.46247933
220 183        0.525385826
220 221        0.619494997
220 273        0.632876038
220 187        0.787626608
221 187        0.386141003
221 246        0.388290645
221 220        0.619494997
221 197        0.656687414
221 228        0.684449892
222 196        0.346651071
222 249        0.388932914
222 223        0.557720452
222 270        0.575375304
222 248        0.614843483
223 195        0.347894727
223 249        0.435173352
223 240        0.446794493
223 200        0.507904561
223 222        0.557720452
224 247        0.292052557
224 192        0.381691898
224 225        0.396415521
224 241        0.494523616
224 182        0.499359648
225 224        0.396415521
225 247        0.412902648
225 255        0.464099258
225 227        0.464835598
225 271        0.518200915
226 217        0.478356362
226 198        0.482649349
226 230         0.53793202
226 303        0.914567033
226 274        0.949044337
227 191        0.406748727
227 264         0.42984571
227 225        0.464835598
227 234        0.592510223
227 255        0.611526846
228 197        0.244467012
228 244        0.410235164
228 257        0.665175282
228 221        0.684449892
228 171        0.691765163
229 171        0.569105105
229 230        0.600811912
229 244        0.658211623
229 228        0.764201105
229 197         0.87103207
230 303        0.532244395
230 226         0.53793202
230 229        0.600811912
230 198        0.809519922
230 217        0.982002121
231 300        0.781161569
231 210         1.05582115
231 147           1.155921
231 181         1.41745632
231 357         1.43947808
232 346        0.773532967
232 170         1.07281468
232 310         1.60905808
232 349         1.81600126
232 162          1.8254384
233 251        0.566002267
233 161        0.726697181
233 342        0.840654468
233 315        0.883185271
233 254        0.908078588
234 189        0.477797755
234 265        0.480588239
234 227        0.592510223
234 256        0.672666401
234 191        0.674185883
235 190          0.4048764
235 256        0.431641218
235 250        0.686304711
235 234        0.718779201
235 301        0.766263441
236 194        0.575547189
236 283        0.901381989
236 164         1.03825889
236 184         1.08931364
236 136         1.16702924
237 204        0.339083171
237 260        0.375574742
237 295         0.72543882
237 238        0.817916777
237 150        0.873804372
238 206        0.345320239
238 261        0.358936554
238 176        0.723985327
238 237        0.817916777
238 260        0.823491897
239 211        0.388411451
239 268        0.525565866
239 269        0.572229815
239 212        0.709508076
239 178        0.737046404
240 200        0.349564167
240 252        0.434289225
240 223        0.446794493
240 258        0.495525462
240 212        0.571607358
241 245         0.32950492
241 216         0.33370734
241 224        0.494523616
241 182        0.509662282
241 262        0.530950337
242 311        0.699373029
242 243        0.810613148
242 208        0.861955624
242 207        0.957029242
242 308         1.08787447
243 208        0.637376344
243 308        0.756423175
243 242        0.810613148
243 295        0.863120003
243 237        0.883510179
244 228        0.410235164
244 257        0.466183876
244 197        0.650959399
244 229        0.658211623
244 307        0.765780396
245 241         0.32950492
245 291        0.386784234
245 290        0.466746808
245 262        0.515066533
245 216        0.522801456
246 273         0.34587744
246 221        0.388290645
246 220         0.46247933
246 187        0.745787575
246 317        0.751955241
247 224        0.292052557
247 271        0.292965327
247 262        0.352069862
247 225        0.412902648
247 255        0.435674282
248 298         0.42931248
248 253        0.478533609
248 219        0.561051878
248 270        0.577068715
248 222        0.614843483
249 270        0.284017196
249 222        0.388932914
249 223        0.435173352
249 258        0.568651396
249 294        0.596745326
250 277        0.489672065
250 203        0.490811112
250 235        0.686304711
250 2949        0.779024388
250 256        0.792957948
251 233        0.566002267
251 254        0.584400284
251 342        0.644633964
251 376        0.731071087
251 353        0.772120119
252 292        0.427858301
252 240        0.434289225
252 269        0.464805104
252 212        0.495989137
252 258        0.619382193
253 290        0.393863722
253 219         0.43666367
253 248        0.478533609
253 245        0.566219296
253 298        0.575827121
254 278        0.434361306
254 251        0.584400284
254 353        0.820436632
254 309        0.827741751
254 233        0.908078588
255 271        0.217893376
255 293         0.40949334
255 264        0.429329089
255 247        0.435674282
255 225        0.464099258
256 301        0.344654748
256 235        0.431641218
256 265        0.630914021
256 234        0.672666401
256 277        0.748952053
257 307        0.421071997
257 244        0.466183876
257 228        0.665175282
257 246        0.789487372
257 273        0.823490659
258 294        0.413471878
258 240        0.495525462
258 292        0.549176607
258 249        0.568651396
258 324        0.589726954
259 302        0.549372469
259 339        0.831815267
259 267        0.899956615
259 379         0.93601379
259 202         1.00777312
260 237        0.375574742
260 295        0.391734937
260 332        0.675815649
260 296        0.702118766
260 204        0.712752266
261 238        0.358936554
261 297        0.542232931
261 296        0.623311135
261 206        0.701675016
261 263        0.809545795
262 247        0.352069862
262 304        0.363040763
262 291        0.376501214
262 271        0.378930846
262 245        0.515066533
263 322        0.531213692
263 268        0.621140447
263 209        0.650346541
263 297         0.76386645
263 261        0.809545795
264 299        0.316863421
264 255        0.429329089
264 227         0.42984571
264 265        0.560973294
264 320        0.636425004
265 320        0.380495474
265 234        0.480588239
265 264        0.560973294
265 299        0.570857087
265 326        0.583490508
266 325        0.612169015
266 205        0.672049622
266 275        0.862140169
266 284         1.10513249
266 338         1.12899086
267 350        0.792152669
267 259        0.899956615
267 146         1.08163046
267 339          1.0839981
267 302         1.25975491
268 239        0.525565866
268 336        0.546838738
268 269        0.555279699
268 305         0.57241248
268 263        0.621140447
269 305        0.307408021
269 252        0.464805104
269 268        0.555279699
269 292         0.56662953
269 239        0.572229815
270 249        0.284017196
270 294        0.432183724
270 222        0.575375304
270 248        0.577068715
270 258        0.608289498
271 255        0.217893376
271 247        0.292965327
271 293          0.3493106
271 262        0.378930846
271 225        0.518200915
272 214        0.681832244
272 302        0.932017185
272 202         1.00569682
272 379         1.15960149
272 259         1.23919177
273 246         0.34587744
273 317        0.412867306
273 276        0.526862385
273 220        0.632876038
273 221        0.727788938
274 330        0.669900006
274 217        0.680033046
274 213        0.821132325
274 226        0.949044337
274 289         1.04487888
275 338         0.57707851
275 266        0.862140169
275 207        0.949216778
275 325         1.09629928
275 242         1.12850354
276 317        0.467599978
276 273        0.526862385
276 246        0.815311825
276 220        0.834831773
276 221         1.19885739
277 328         0.45751734
277 250        0.489672065
277 319        0.636788308
277 301         0.67768832
277 256        0.748952053
278 254        0.434361306
278 309        0.450270094
278 281        0.515263222
278 347        0.793909694
278 306        0.907858275
279 280        0.388648106
279 282        0.391294068
279 314        0.396330723
279 306        0.679126013
279 352        0.780254389
280 306        0.366088229
280 279        0.388648106
280 314        0.429888787
280 341         0.65136408
280 281        0.663245091
281 309        0.393371392
281 306        0.453686526
281 278        0.515263222
281 280        0.663245091
281 341         0.66993984
282 279        0.391294068
282 333        0.634710346
282 288        0.645876993
282 314        0.663351225
282 280         0.77990282
283 236        0.901381989
283 321         1.16502584
283 194         1.16694473
283 184         1.34248259
283 186         1.34355165
284 374        0.749051856
284 325        0.810440646
284 193        0.926105101
284 286         1.03678166
284 266         1.10513249
285 377        0.693344195
285 385         0.91951702
285 199         1.03131908
285 287         1.15070375
285 236         1.24895456
286 284         1.03678166
286 331         1.05767665
286 374         1.05954081
286 218         1.15182579
286 445         1.27518051
287 331        0.804568748
287 199        0.882743202
287 285         1.15070375
287 377         1.20024891
287 218         1.38436854
288 282        0.645876993
288 333        0.716675703
288 2962         0.77198153
288 380        0.948556655
288 279         1.03584336
289 274         1.04487888
289 213         1.09048576
289 201         1.13624491
289 214          1.2913144
289 272         1.34718992
290 313        0.246513851
290 253        0.393863722
290 245        0.466746808
290 291        0.466807722
290 343        0.473427661
291 304        0.316032222
291 262        0.376501214
291 245        0.386784234
291 334        0.455384726
291 290        0.466807722
292 337        0.407064837
292 252        0.427858301
292 324        0.528227977
292 305        0.529877865
292 258        0.549176607
293 271          0.3493106
293 335         0.39481683
293 255         0.40949334
293 316        0.434791059
293 304        0.473583266
294 323        0.303691149
294 258        0.413471878
294 270        0.432183724
294 324        0.501183211
294 249        0.596745326
295 332        0.351749034
295 260        0.391734937
295 296        0.668825041
295 308        0.674570812
295 237         0.72543882
296 297        0.482317038
296 332         0.53367007
296 361        0.548495595
296 261        0.623311135
296 295        0.668825041
297 296        0.482317038
297 361        0.512749777
297 261        0.542232931
297 362         0.60972643
297 322        0.737404521
298 248         0.42931248
298 318        0.445154561
298 340        0.532861302
298 253        0.575827121
298 290        0.680799655
299 264        0.316863421
299 316        0.430998283
299 320        0.438669185
299 344        0.474831064
299 255        0.561249107
300 231        0.781161569
300 391        0.885868166
300 400        0.934979781
300 357          1.2272285
300 476         1.24319626
301 256        0.344654748
301 327        0.427673037
301 326        0.581613648
301 328        0.632930864
301 265        0.650647831
302 379        0.446846659
302 259        0.549372469
302 339        0.554488128
302 398        0.829261586
302 272        0.932017185
303 230        0.532244395
303 348        0.717685082
303 226        0.914567033
303 330        0.952310587
303 229         1.01020089
304 291        0.316032222
304 334        0.338267452
304 262        0.363040763
