0 3109 USCounties_SocioDemo_PCs POLY_ID
1 42        0.797178808
1 23        0.910152859
1 31         1.23747234
1 66          1.2853014
1 56         1.33430521
1 69         1.49560844
1 39         1.51627627
1 101         1.66232436
1 96         1.70720206
1 74         1.79109491
2 3        0.665979531
2 71         0.90183678
2 4          1.2248459
2 5         1.24484098
2 57         1.37834554
2 64         1.40115786
2 111          1.4892126
2 70         1.57223828
2 112         1.86031338
2 29         1.92541991
3 5        0.597244215
3 2        0.665979531
3 64        0.898246159
3 71        0.996363202
3 29         1.25962652
3 67         1.36574829
3 6         1.43342744
3 112         1.53465449
3 111         1.58121559
3 102         1.68368366
4 57        0.813545362
4 44          1.1095846
4 2          1.2248459
4 70         1.37469425
4 71          1.6427621
4 91         1.70844635
4 3         1.89035991
4 111         1.96086744
4 32         1.98075189
4 28         1.98238124
5 3        0.597244215
5 29        0.715404967
5 6        0.836619331
5 64        0.922169164
5 67         1.03746793
5 2         1.24484098
5 102         1.45748259
5 71         1.49274447
5 112         1.65359711
5 119         1.81415721
6 29        0.489336205
6 5        0.836619331
6 7          1.0859819
6 67         1.11934205
6 3         1.43342744
6 64         1.47722315
6 63         1.53557241
6 102         1.56479102
6 51         1.72925453
6 119          1.9717023
7 51        0.913370237
7 6          1.0859819
7 29           1.216699
7 63         1.28940417
7 8         1.37625619
7 97          1.4557098
7 67         1.55608012
7 65          1.5918576
7 102         1.82315596
7 5          1.8658229
8 65        0.651528572
8 9         1.13266125
8 51         1.24626957
8 88          1.2653728
8 7         1.37625619
8 97         1.48760059
8 90         1.81474434
8 45         1.82042895
8 61         1.86291552
8 129         1.98824237
9 45        0.902553345
9 8         1.13266125
9 61         1.14838414
9 10          1.3005942
9 65         1.52583799
9 72         1.69506629
9 90         1.84588864
9 88         1.91181171
9 11         1.97492592
9 83         2.15894831
10 11         0.67665638
10 45        0.687749658
10 61        0.986505603
10 9          1.3005942
10 83         1.38990481
10 48         1.47806073
10 12         1.58555809
10 72         1.68411386
10 100         2.15130556
10 90         2.18315994
11 10         0.67665638
11 48        0.899397127
11 12        0.917808804
11 45         1.25188132
11 83         1.29181519
11 61         1.41833361
11 100         1.69281163
11 120         1.96813326
11 9         1.97492592
11 72         1.98370114
12 48        0.815414678
12 11        0.917808804
12 24         1.16710589
12 10         1.58555809
12 100         1.58780011
12 80         1.62578897
12 83         1.80824793
12 45         2.15926157
12 120         2.17589884
12 139         2.17660932
13 37        0.669499432
13 60        0.933795328
13 14         1.02356491
13 27         1.04508238
13 33         1.09051527
13 58         1.47636559
13 81         1.50873337
13 62         1.68521938
13 103         1.77072731
13 104         1.90114657
14 33        0.469284661
14 15        0.973297824
14 13         1.02356491
14 58         1.07827081
14 38         1.28902577
14 60         1.48997387
14 37         1.62269409
14 79         1.69468354
14 105         1.79623745
14 16         1.83158113
15 38        0.610960401
15 16        0.859086598
15 14        0.973297824
15 33         1.06373212
15 30         1.12949115
15 58         1.37285155
15 79          1.4363582
15 93         1.63238566
15 17         1.67962824
15 77         1.67999233
16 30        0.510354624
16 17        0.826746724
16 15        0.859086598
16 38        0.866719247
16 34         1.13029527
16 77         1.15907498
16 93         1.42210724
16 110         1.63468938
16 79         1.66643179
16 75         1.73966158
17 34        0.588619327
17 16        0.826746724
17 30        0.904346896
17 18        0.990627273
17 43          1.0151378
17 77         1.27607397
17 75         1.30834435
17 19         1.59275645
17 38         1.62941315
17 47         1.63121919
18 43        0.536189054
18 19        0.604749779
18 47        0.844067406
18 34        0.955552273
18 17        0.990627273
18 76         1.19321437
18 40         1.22796175
18 75         1.29532747
18 20         1.38463342
18 78         1.40824037
19 18        0.604749779
19 47        0.627475527
19 40         0.66866267
19 20        0.790427348
19 43        0.850412011
19 78          1.0241873
19 76          1.1731546
19 92          1.2796318
19 53         1.30181044
19 34         1.46244689
20 40        0.569267744
20 19        0.790427348
20 41        0.842863423
20 53        0.891925414
20 21        0.914185407
20 78         1.14323721
20 47         1.14948417
20 54         1.31789598
20 84         1.33167044
20 92         1.38165376
21 41         0.43369125
21 22        0.764031908
21 54        0.849888432
21 20        0.914185407
21 53         1.06321008
21 39         1.25381274
21 40         1.27902201
21 85         1.32168098
21 86         1.36584994
21 84         1.48001879
22 39        0.592871044
22 21        0.764031908
22 23        0.969344954
22 41         1.02149839
22 56         1.03048922
22 55         1.07198298
22 54          1.0850165
22 69         1.13238729
22 86         1.37223847
22 95         1.48375055
23 39        0.690301934
23 56        0.744950403
23 1        0.910152859
23 69         0.94783458
23 22        0.969344954
23 55         1.16155789
23 42         1.18635123
23 66         1.27359786
23 96         1.45001124
23 95         1.58585861
24 25         1.05925665
24 12         1.16710589
24 80         1.19619422
24 89         1.49629409
24 48         1.57738754
24 100         1.90460871
24 138          2.0181611
24 136         2.06373733
24 11         2.07004886
24 139         2.15905964
25 24         1.05925665
25 89         1.19241595
25 26         1.25120476
25 68         1.34366778
25 80         1.64187044
25 138         1.83024354
25 165         2.14780496
25 62         2.20322284
25 12          2.2263605
25 136         2.26294383
26 62         1.12862828
26 68         1.13657275
26 27         1.19804347
26 25         1.25120476
26 37            1.64888
26 115         1.98347044
26 89          2.0151056
26 81         2.08371116
26 128         2.13465478
26 60         2.18397066
27 37        0.718389952
27 13         1.04508238
27 62         1.16925959
27 26         1.19804347
27 60         1.40122795
27 81         1.65304769
27 115         1.93302987
27 14         2.06224453
27 68         2.09373874
27 33         2.11383147
28 32        0.350511472
28 49        0.780483265
28 50         1.09869088
28 82         1.33609783
28 36         1.40814807
28 44         1.44992543
28 73         1.56022724
28 109         1.85239466
28 4         1.98238124
28 91          1.9866864
29 6        0.489336205
29 67        0.631697117
29 5        0.715404967
29 64         1.04827936
29 102         1.08316029
29 63         1.18554593
29 7           1.216699
29 3         1.25962652
29 119         1.48923838
29 51          1.5937604
30 16        0.510354624
30 77        0.650331065
30 38        0.815819838
30 34        0.902518192
30 17        0.904346896
30 93        0.961666872
30 110         1.12486699
30 15         1.12949115
30 75         1.35629246
30 79         1.38540835
31 74        0.751481483
31 42          1.1874433
31 1         1.23747234
31 98         1.40666409
31 35         1.46101547
31 101         1.60608993
31 122         1.68229109
31 66         1.73270599
31 131         1.78937373
31 135         1.99287177
32 28        0.350511472
32 49        0.430913021
32 50        0.909361416
32 82         0.98569556
32 44         1.26075973
32 73          1.2947985
32 36         1.36398288
32 109          1.5665871
32 91         1.70607786
32 87         1.86315924
33 14        0.469284661
33 58        0.610908775
33 15         1.06373212
33 13         1.09051527
33 38         1.13595737
33 60         1.21969019
33 79         1.30896185
33 105         1.32768405
33 104         1.45740852
33 37         1.54351331
34 17        0.588619327
34 43        0.661578906
34 75        0.720531713
34 30        0.902518192
34 77        0.927073945
34 18        0.955552273
34 16         1.13029527
34 76         1.16742541
34 108         1.27000128
34 47         1.27694531
35 52         1.02322638
35 135          1.0358211
35 74         1.16609468
35 137         1.30001499
35 122         1.37597879
35 31         1.46101547
35 169         1.50916178
35 125         1.66416824
35 191         1.74619579
35 189         1.83596846
36 50        0.646692434
36 59        0.953444385
36 46        0.980348761
36 73         1.00694678
36 87         1.18393678
36 109          1.2769927
36 32         1.36398288
36 28         1.40814807
36 49         1.47054047
36 94         1.55032031
37 13        0.669499432
37 60        0.684103975
37 27        0.718389952
37 62         1.01573719
37 81          1.0383765
37 115         1.47917169
37 103          1.5372237
37 33         1.54351331
37 14         1.62269409
37 26            1.64888
38 15        0.610960401
38 30        0.815819838
38 16        0.866719247
38 79        0.884287731
38 93         1.03450654
38 33         1.13595737
38 58         1.14171273
38 77         1.19160866
38 14         1.28902577
38 123         1.42445425
39 56        0.437956446
39 69        0.551656366
39 55        0.584834572
39 22        0.592871044
39 23        0.690301934
39 95         1.03448292
39 96         1.16817917
39 54         1.17561213
39 86         1.20571577
39 66         1.25226653
40 20        0.569267744
40 78        0.577680977
40 53        0.634725651
40 19         0.66866267
40 47         0.67623947
40 92        0.825993722
40 84        0.942596253
40 41         1.00894752
40 76         1.15937364
40 18         1.22796175
41 21         0.43369125
41 54        0.520832588
41 53        0.650159149
41 20        0.842863423
41 85        0.912022684
41 40         1.00894752
41 22         1.02149839
41 84         1.04805203
41 86         1.07017812
41 78         1.35215847
42 66        0.594429629
42 1        0.797178808
42 101        0.866156103
42 96         1.08816595
42 56         1.10049461
42 69         1.16446239
42 23         1.18635123
42 31          1.1874433
42 98         1.19557275
42 116         1.27553794
43 18        0.536189054
43 47         0.63067704
43 34        0.661578906
43 76        0.729339848
43 75        0.769593767
43 19        0.850412011
43 17          1.0151378
43 78         1.19367519
43 40         1.25195964
43 107         1.28396223
44 91         0.74730088
44 57        0.938372384
44 49         1.09640349
44 4          1.1095846
44 82         1.23689155
44 32         1.26075973
44 70         1.33815365
44 121         1.41545254
44 28         1.44992543
44 141         1.96770788
45 61        0.388618518
45 10        0.687749658
45 9        0.902553345
45 72         1.11425053
45 11         1.25188132
45 83         1.27167627
45 90         1.53619794
45 8         1.82042895
45 48         1.82727578
45 65         1.94831189
46 59        0.440544563
46 94        0.911136496
46 36        0.980348761
46 87        0.992786996
46 73         1.31930091
46 50         1.36698074
46 109         1.38877729
46 132         1.50979701
46 118         1.58608364
46 173         1.82285262
47 76        0.563542488
47 78        0.582599231
47 19        0.627475527
47 43         0.63067704
47 40         0.67623947
47 92        0.781710581
47 18        0.844067406
47 75         1.09508985
47 20         1.14948417
47 106         1.16507673
48 12        0.815414678
48 100        0.850286084
48 11        0.899397127
48 83         1.07536286
48 80          1.3615788
48 120         1.36179361
48 10         1.47806073
48 139         1.53065305
48 24         1.57738754
48 61         1.80859951
49 32        0.430913021
49 82        0.560987884
49 28        0.780483265
49 50        0.876621987
49 73         1.07887437
49 44         1.09640349
49 109         1.29549685
49 91         1.37311444
49 36         1.47054047
49 118         1.60427051
50 73        0.546691791
50 36        0.646692434
50 109        0.865127179
50 49        0.876621987
50 32        0.909361416
50 82         1.01367448
50 87         1.01651899
50 28         1.09869088
50 59         1.11807485
50 118         1.26616148
51 97        0.542850115
51 63        0.823345377
51 7        0.913370237
51 65         1.04007362
51 126         1.12941957
51 8         1.24626957
51 88         1.36412584
51 67         1.56464298
51 102         1.59089054
51 29          1.5937604
52 2925         0.94796887
52 35         1.02322638
52 125         1.13269251
52 137         1.28791182
52 148         1.56669179
52 135         1.60929547
52 189         1.76569093
52 190         1.77708374
52 160         1.82699005
52 169          1.9865611
53 84         0.46520045
53 40        0.634725651
53 41        0.650159149
53 85        0.657294936
53 54        0.738061513
53 78        0.742227527
53 92        0.834686521
53 20        0.891925414
53 113        0.993751518
53 21         1.06321008
54 41        0.520832588
54 85        0.538754323
54 86        0.549403943
54 53        0.738061513
54 21        0.849888432
54 84        0.912011505
54 114         1.00897962
54 55         1.06495733
54 22          1.0850165
54 95         1.16099281
55 69        0.316876111
55 95        0.450169596
55 56        0.466611754
55 39        0.584834572
55 96        0.738191899
55 86        0.826898997
55 117        0.887357319
55 66         1.03685989
55 54         1.06495733
55 22         1.07198298
56 69        0.202899557
56 39        0.437956446
56 55        0.466611754
56 23        0.744950403
56 96        0.771849671
56 66        0.815455161
56 95        0.850221626
56 22         1.03048922
56 42         1.10049461
56 116         1.18682319
57 70        0.581450442
57 4        0.813545362
57 44        0.938372384
57 91         1.16899111
57 71         1.27759819
57 111         1.35385912
57 2         1.37834554
57 140         1.43840867
57 141         1.51064011
57 121         1.65849603
58 33        0.610908775
58 105        0.718511395
58 79        0.865986055
58 104        0.920924905
58 14         1.07827081
58 38         1.14171273
58 103         1.14831668
58 60         1.16577439
58 123         1.19303967
58 152         1.29902803
59 46        0.440544563
59 87        0.552252921
59 94         0.61621553
59 73        0.934949534
59 36        0.953444385
59 109        0.959987232
59 50         1.11807485
59 118          1.1461368
59 132         1.19353242
59 173         1.46059589
60 81        0.623076108
60 37        0.684103975
60 103        0.878915743
60 13        0.933795328
60 104         1.11365785
60 58         1.16577439
60 33         1.21969019
60 115          1.2353197
60 62          1.2466049
60 27         1.40122795
61 45        0.388618518
61 72        0.729179892
61 10        0.986505603
61 83         1.03985817
61 9         1.14838414
61 90         1.19685464
61 11         1.41833361
61 134         1.68112317
61 163         1.69870918
61 48         1.80859951
62 115        0.891170224
62 81        0.977739475
62 37         1.01573719
62 26         1.12862828
62 27         1.16925959
62 60          1.2466049
62 68         1.25386227
62 127         1.40964359
62 13         1.68521938
62 128         1.69107339
63 126         0.71704099
63 102        0.778616999
63 51        0.823345377
63 67          0.8712811
63 97        0.913582456
63 119         0.97910196
63 29         1.18554593
63 166         1.23137788
63 7         1.28940417
63 157         1.34003486
64 67        0.706063504
64 112        0.731530374
64 102        0.849166454
64 3        0.898246159
64 5        0.922169164
64 71         1.01533286
64 29         1.04827936
64 119         1.06655074
64 144          1.1990012
64 111         1.32250748
65 88        0.631143078
65 8        0.651528572
65 97           1.033504
65 51         1.04007362
65 90          1.3941885
65 129         1.40308039
65 9         1.52583799
65 147         1.56528524
65 7          1.5918576
65 72         1.77866555
66 96        0.499249581
66 42        0.594429629
66 101        0.660362358
66 116        0.708321975
66 69        0.775212868
66 56        0.815455161
66 55         1.03685989
66 130         1.07488319
66 95          1.1049665
66 143         1.21663364
67 102        0.459455771
67 29        0.631697117
67 64        0.706063504
67 119        0.861267801
67 63          0.8712811
67 5         1.03746793
67 6         1.11934205
67 112         1.12804001
67 157         1.35467053
67 3         1.36574829
68 128         1.08063313
68 165         1.09926777
68 26         1.13657275
68 62         1.25386227
68 89         1.26103379
68 25         1.34366778
68 138         1.60213621
68 115         1.67557889
68 127         1.75720713
68 164         1.84838459
69 56        0.202899557
69 55        0.316876111
69 39        0.551656366
69 96        0.616554763
69 95        0.652761294
69 66        0.775212868
69 23         0.94783458
69 116         1.02903783
69 117         1.05666469
69 22         1.13238729
70 57        0.581450442
70 140        0.870162742
70 111        0.917000919
70 141        0.970200112
70 71         1.09702632
70 91         1.23046269
70 44         1.33815365
70 4         1.37469425
70 159         1.37944753
70 121          1.4890932
71 111        0.609457963
71 2         0.90183678
71 3        0.996363202
71 64         1.01533286
71 70         1.09702632
71 112          1.1216683
71 140         1.14541617
71 57         1.27759819
71 159         1.34601584
71 158         1.37705545
72 90        0.606255548
72 61        0.729179892
72 163         1.02202141
72 83          1.0597983
72 45         1.11425053
72 134         1.19430304
72 188         1.24776243
72 181          1.2571488
72 129         1.26791223
72 88         1.53659484
73 109        0.318458869
73 50        0.546691791
73 87        0.584670671
73 118          0.7195163
73 82        0.900149466
73 59        0.934949534
73 36         1.00694678
73 133         1.07715631
73 49         1.07887437
73 94         1.18180831
74 31        0.751481483
74 98        0.892842714
74 122         0.93104944
74 131         1.11924495
74 35         1.16609468
74 135         1.32792316
74 101         1.34651871
74 42         1.38743795
74 182         1.57580936
74 192         1.60193072
75 108        0.611726059
75 76         0.68325497
75 34        0.720531713
75 43        0.769593767
75 107        0.819436552
75 77        0.974520043
75 110         1.09124055
75 47         1.09508985
75 124         1.27212954
75 18         1.29532747
76 47        0.563542488
76 107        0.621971042
76 75         0.68325497
76 43        0.729339848
76 78         0.76934507
76 92        0.789674957
76 106        0.930682415
76 108         1.01294235
76 149         1.14730453
76 40         1.15937364
77 110        0.494122525
77 93        0.596839639
77 30        0.650331065
77 124        0.893517233
77 34        0.927073945
77 75        0.974520043
77 108         1.06093765
77 16         1.15907498
77 38         1.19160866
77 17         1.27607397
78 92        0.262540081
78 40        0.577680977
78 47        0.582599231
78 84        0.715318292
78 106        0.741430017
78 53        0.742227527
78 76         0.76934507
78 19          1.0241873
78 20         1.14323721
78 113         1.14405861
79 123        0.550664698
79 93        0.789453516
79 105        0.825455829
79 58        0.865986055
79 38        0.884287731
79 153        0.942486301
79 152         1.23795314
79 180         1.27089334
79 104          1.2939935
79 33         1.30896185
80 136        0.886435976
80 89        0.982773739
80 139         1.01714578
80 100         1.06701845
80 138         1.12818381
80 24         1.19619422
80 48          1.3615788
80 194         1.60598327
80 184         1.62029965
80 12         1.62578897
81 60        0.623076108
81 115        0.625919044
81 103         0.71781925
81 62        0.977739475
81 37          1.0383765
81 145         1.04967899
81 104          1.1050277
81 127         1.21478999
81 13         1.50873337
81 105         1.54300842
82 49        0.560987884
82 73        0.900149466
82 109        0.983841418
82 32         0.98569556
82 50         1.01367448
82 133          1.0971602
82 91         1.17386359
82 118          1.1886963
82 44         1.23689155
82 28         1.33609783
83 120         0.84635448
83 134        0.989892902
83 61         1.03985817
83 72          1.0597983
83 48         1.07536286
83 100         1.11321308
83 45         1.27167627
83 11         1.29181519
83 163         1.38308527
83 10         1.38990481
84 53         0.46520045
84 85        0.512923576
84 113        0.549771151
84 92        0.645900626
84 78        0.715318292
84 106        0.865658693
84 54        0.912011505
84 40        0.942596253
84 151          1.0478208
84 41         1.04805203
85 84        0.512923576
85 54        0.538754323
85 86        0.563842644
85 113        0.626482861
85 53        0.657294936
85 114        0.708941374
85 41        0.912022684
85 154         1.00568453
85 92         1.15881976
85 78         1.20795457
86 114        0.528793788
86 54        0.549403943
86 85        0.563842644
86 95        0.717607273
86 55        0.826898997
86 117        0.879538536
86 113         1.04838168
86 41         1.07017812
86 84         1.07676618
86 154         1.11826296
87 109        0.458362644
87 59        0.552252921
87 73        0.584670671
87 118        0.595325141
87 94        0.598157419
87 132        0.944236887
87 46        0.992786996
87 50         1.01651899
87 173         1.08680712
87 133         1.13437656
88 65        0.631143078
88 129        0.799045215
88 147        0.975330326
88 90         1.00240842
88 97          1.0780036
88 8          1.2653728
88 181         1.30274353
88 51         1.36412584
88 72         1.53659484
88 188         1.70932813
89 138        0.638380446
89 80        0.982773739
89 164         1.18056343
89 136         1.18157849
89 25         1.19241595
89 68         1.26103379
89 165         1.33339564
89 24         1.49629409
89 139         1.72649737
89 128         1.75920418
90 72        0.606255548
90 129        0.675749454
90 181        0.811137055
90 88         1.00240842
90 188         1.00324967
90 163         1.10804743
90 61         1.19685464
90 65          1.3941885
90 147         1.41487445
90 45         1.53619794
91 121        0.668153295
91 44         0.74730088
91 57         1.16899111
91 82         1.17386359
91 70         1.23046269
91 198         1.25454489
91 49         1.37311444
91 141         1.46478819
91 171         1.65507361
91 32         1.70607786
92 78        0.262540081
92 106        0.483526345
92 84        0.645900626
92 47        0.781710581
92 76        0.789674957
92 40        0.825993722
92 53        0.834686521
92 113        0.966093832
92 107         1.01839883
92 151         1.06012629
93 110        0.534462186
93 77        0.596839639
93 79        0.789453516
93 124        0.807027364
93 123        0.959532519
93 30        0.961666872
93 142        0.969675259
93 38         1.03450654
93 153          1.0784443
93 180         1.39791424
94 87        0.598157419
94 132        0.599297028
94 59         0.61621553
94 46        0.911136496
94 173        0.921883431
94 118        0.975372993
94 109         1.02560101
94 183         1.17703514
94 73         1.18180831
94 187         1.39021538
95 117        0.437520979
95 55        0.450169596
95 96        0.645029245
95 69        0.652761294
95 86        0.717607273
95 56        0.850221626
95 116        0.874629364
95 114        0.883561085
95 156        0.972537665
95 39         1.03448292
96 116        0.415205019
96 66        0.499249581
96 69        0.616554763
96 95        0.645029245
96 55        0.738191899
96 56        0.771849671
96 117        0.805247906
96 101        0.921680695
96 143        0.925392007
96 42         1.08816595
97 51        0.542850115
97 126         0.81029972
97 63        0.913582456
97 65           1.033504
97 88          1.0780036
97 147         1.38368827
97 146         1.38631043
97 7          1.4557098
97 8         1.48760059
97 102         1.65999471
98 131        0.534361864
98 101         0.61267334
98 130        0.743003128
98 74        0.892842714
98 175        0.940082122
98 122        0.974884776
98 174         1.04797174
98 42         1.19557275
98 66         1.22943921
98 182         1.23005424
99 162         1.06863485
99 170         1.25453666
99 161         1.77852467
99 232         1.87203169
99 346         1.94393059
99 310         2.21912972
99 233           2.500675
99 315         2.53175216
99 349         2.56711153
99 351         2.73466344
100 139         0.71429704
100 120        0.770851149
100 48        0.850286084
100 80         1.06701845
100 83         1.11321308
100 184         1.27409559
100 136         1.27777895
100 134         1.42353986
100 186         1.58543443
100 12         1.58780011
101 130        0.527994044
101 98         0.61267334
101 66        0.660362358
101 116        0.779251416
101 42        0.866156103
101 96        0.921680695
101 174         1.03916241
101 131         1.05589851
101 143         1.05912258
101 175          1.2778004
102 119        0.406925036
102 67        0.459455771
102 63        0.778616999
102 64        0.849166454
102 157        0.900783644
102 112        0.918627544
102 166         1.00827364
102 29         1.08316029
102 126         1.14162449
102 167         1.15708558
103 104        0.402720156
103 145        0.658647978
103 81         0.71781925
103 105        0.872055362
103 60        0.878915743
103 152        0.948027918
103 179         1.12636085
103 115         1.13683304
103 58         1.14831668
103 193          1.4825777
104 103        0.402720156
104 105        0.476792068
104 152        0.627374952
104 145        0.832839502
104 179        0.890637683
104 58        0.920924905
104 81          1.1050277
104 60         1.11365785
104 123         1.19709191
104 79          1.2939935
105 104        0.476792068
105 152        0.585056933
105 58        0.718511395
105 123         0.75280667
105 79        0.825455829
105 103        0.872055362
105 179        0.927285292
105 153         1.08990132
105 145         1.25028028
105 180         1.26199513
106 92        0.483526345
106 151        0.672291932
106 149        0.735366949
106 78        0.741430017
106 107         0.82382691
106 84        0.865658693
106 113        0.888871688
106 76        0.930682415
106 177        0.983694507
106 176        0.993490245
107 149        0.605277662
107 76        0.621971042
107 108        0.685389336
107 75        0.819436552
107 106         0.82382691
107 150        0.832119112
107 176        0.934857567
107 92         1.01839883
107 78         1.14890934
107 47         1.16716454
108 75        0.611726059
108 107        0.685389336
108 150        0.730500653
108 124         0.85604176
108 110        0.878015598
108 76         1.01294235
108 168         1.04084331
108 77         1.06093765
108 149         1.11919471
108 34         1.27000128
109 73        0.318458869
109 118        0.401360866
109 87        0.458362644
109 133        0.813137252
109 50        0.865127179
109 59        0.959987232
109 82        0.983841418
109 94         1.02560101
109 172          1.1165886
109 132         1.20550929
110 124        0.402202652
110 77        0.494122525
110 93        0.534462186
110 142        0.818859505
110 108        0.878015598
110 168         1.04726357
110 75         1.09124055
110 30         1.12486699
110 79         1.30956032
110 153         1.31891315
111 140        0.559813425
111 71        0.609457963
111 159        0.757350145
111 70        0.917000919
111 158        0.949314344
111 112         1.04264432
111 144            1.15463
111 141         1.20701365
111 64         1.32250748
111 57         1.35385912
112 144        0.469190503
112 158        0.714093084
112 64        0.731530374
112 167        0.773926528
112 119        0.815655918
112 102        0.918627544
112 157        0.965621755
112 111         1.04264432
112 71          1.1216683
112 67         1.12804001
113 84        0.549771151
113 85        0.626482861
113 154        0.634342442
113 151        0.669886646
113 114        0.824342733
113 106        0.888871688
113 177        0.934673659
113 178        0.940060945
113 92        0.966093832
113 53        0.993751518
114 86        0.528793788
114 154        0.632032922
114 85        0.708941374
114 155        0.735675119
114 117        0.760538535
114 113        0.824342733
114 95        0.883561085
114 178        0.914068248
114 156        0.974277205
114 54         1.00897962
115 81        0.625919044
115 127        0.637518949
115 62        0.891170224
115 145         1.09589803
115 103         1.13683304
115 60          1.2353197
115 37         1.47917169
115 218         1.48625446
115 128         1.49185478
115 104         1.53509416
116 96        0.415205019
116 143        0.528515412
116 66        0.708321975
116 101        0.779251416
116 130        0.785579617
116 117        0.814800017
116 95        0.874629364
116 156        0.979794891
116 196         1.02670521
116 69         1.02903783
117 95        0.437520979
117 156        0.536689654
117 114        0.760538535
117 155        0.776178932
117 96        0.805247906
117 116        0.814800017
117 86        0.879538536
117 55        0.887357319
117 143        0.918274224
117 69         1.05666469
118 109        0.401360866
118 133        0.545461762
118 87        0.595325141
118 73          0.7195163
118 172        0.733794202
118 173        0.855710248
118 132        0.944260423
118 94        0.975372993
118 187         1.00153038
118 59          1.1461368
119 102        0.406925036
119 157        0.494116611
119 166        0.645224768
119 167        0.789821826
119 112        0.815655918
119 67        0.861267801
119 144        0.917524583
119 63         0.97910196
119 126         1.06479458
119 64         1.06655074
120 134        0.660505569
120 100        0.770851149
120 83         0.84635448
120 139         1.04912812
120 185         1.09528231
120 186         1.17127045
120 184           1.229262
120 163         1.28372977
120 48         1.36179361
120 72          1.5886711
121 198        0.586393434
121 91        0.668153295
121 226         1.05751037
121 217         1.20369701
121 141         1.24617246
121 171         1.25377278
121 229         1.31040933
121 230         1.36852049
121 44         1.41545254
121 82         1.47756624
122 131        0.667471016
122 192        0.671449242
122 182        0.704738481
122 135        0.740019731
122 169        0.832775729
122 74         0.93104944
122 98        0.974884776
122 175         1.03812234
122 224          1.0485622
122 216         1.07886264
123 153        0.425201354
123 79        0.550664698
123 180        0.729080627
123 105         0.75280667
123 152        0.880596064
123 93        0.959532519
123 142          1.1088396
123 179         1.11337813
123 58         1.19303967
123 104         1.19709191
124 110        0.402202652
124 142        0.508085121
124 168        0.652712472
124 93        0.807027364
124 108         0.85604176
124 77        0.893517233
124 208         1.01345369
124 150         1.13252515
124 153         1.21239946
124 75         1.27212954
125 148        0.583099276
125 190        0.647479721
125 137        0.715136764
125 189        0.857791776
125 160         1.00300501
125 235         1.05180221
125 52         1.13269251
125 203         1.19389543
125 234         1.27517075
125 191         1.33482944
126 63         0.71704099
126 97         0.81029972
126 146        0.851867366
126 166        0.879858999
126 119         1.06479458
126 51         1.12941957
126 102         1.14162449
126 157         1.15003886
126 67         1.44749861
126 167         1.61989334
127 115        0.637518949
127 218        0.859743433
127 128         1.15798529
127 145         1.15859937
127 81         1.21478999
127 193         1.27291963
127 62         1.40964359
127 103          1.5075006
127 165         1.69851899
127 68         1.75720713
128 165        0.540583504
128 68         1.08063313
128 199         1.10866498
128 127         1.15798529
128 218         1.38278126
128 287         1.45103292
128 115         1.49185478
128 164         1.56902723
128 138         1.68847764
128 62         1.69107339
129 181        0.507998451
129 90        0.675749454
129 147        0.754984874
129 88        0.799045215
129 188        0.935754648
129 72         1.26791223
129 163          1.3679642
129 210         1.38624508
129 65         1.40308039
129 231          1.5463879
130 174         0.51956794
130 101        0.527994044
130 98        0.743003128
130 143        0.757667925
130 116        0.785579617
130 196        0.809138146
130 131        0.910140626
130 175        0.911795876
130 66         1.07488319
130 219         1.09325112
131 175        0.508452956
131 98        0.534361864
131 122        0.667471016
131 182        0.700423056
131 216        0.786110397
131 130        0.910140626
131 174        0.923987569
131 192         0.94394655
131 101         1.05589851
131 241         1.07435306
132 173        0.379634388
132 183        0.577865127
132 94        0.599297028
132 187        0.870113316
132 87        0.944236887
132 118        0.944260423
132 172         1.08862351
132 220         1.09825795
132 221         1.16983063
132 59         1.19353242
133 172        0.478867162
133 118        0.545461762
133 171        0.734622788
133 197        0.801496422
133 109        0.813137252
133 187        0.939557539
133 228         1.03221477
133 173         1.06817878
133 73         1.07715631
133 82          1.0971602
134 163        0.625215334
134 120        0.660505569
134 185        0.857229192
134 83        0.989892902
134 215         1.11472474
134 72         1.19430304
134 188         1.22866956
134 186         1.28696076
134 100         1.42353986
134 90         1.53623928
135 169        0.474054601
135 122        0.740019731
135 137        0.777290861
135 191        0.791030287
135 192        0.893911395
135 35          1.0358211
135 225         1.11146079
135 189         1.12060144
135 227         1.15037213
135 182          1.1598465
136 139        0.679888218
136 194        0.743751681
136 138        0.785618072
136 80        0.886435976
136 184        0.952909361
136 164         1.00741448
136 236         1.16702924
136 89         1.18157849
136 100         1.27777895
136 186          1.6218002
137 189        0.544991963
137 125        0.715136764
137 191        0.724773893
137 135        0.777290861
137 169        0.879889839
137 190         0.94599212
137 234         1.00737357
137 227         1.10210234
137 235         1.23332552
137 148         1.24142563
138 164        0.573427665
138 89        0.638380446
138 136        0.785618072
138 80         1.12818381
138 165         1.16243266
138 194         1.29156078
138 199         1.40829718
138 236          1.4186954
138 139         1.45208437
138 68         1.60213621
139 184        0.657980382
139 136        0.679888218
139 100         0.71429704
139 194        0.919728477
139 80         1.01714578
139 120         1.04912812
139 186         1.19324621
139 138         1.45208437
139 236         1.49060122
139 48         1.53065305
140 159        0.519874587
140 111        0.559813425
140 141        0.682012535
140 70        0.870162742
140 201        0.959147281
140 158         1.02025039
140 71         1.14541617
140 213         1.31502198
140 144         1.35406262
140 112          1.4226587
141 140        0.682012535
141 213        0.828347028
141 70        0.970200112
141 201         1.01131018
141 159         1.03531012
141 217         1.10979278
141 111         1.20701365
141 121         1.24617246
141 198         1.32795752
141 226         1.44366528
142 124        0.508085121
142 168        0.647016368
142 208        0.787529006
142 110        0.818859505
142 153        0.822971278
142 180        0.921600022
142 93        0.969675259
142 123          1.1088396
142 207         1.20379277
142 77         1.29383459
143 116        0.528515412
143 196        0.539792216
143 195        0.562251498
143 130        0.757667925
143 156        0.758473826
143 222        0.863648475
143 223         0.87189149
143 174        0.879650643
143 117        0.918274224
143 96        0.925392007
144 158        0.382286605
144 167        0.416267088
144 112        0.469190503
144 157        0.803430322
144 119        0.917524583
144 202        0.925481629
144 159        0.950229424
144 166         1.14267637
144 111            1.15463
144 102         1.18370852
145 103        0.658647978
145 193        0.826486285
145 104        0.832839502
145 179        0.925733743
145 152        0.967914376
145 81         1.04967899
145 115         1.09589803
145 127         1.15859937
145 205         1.19049201
145 105         1.25028028
146 126        0.851867366
146 166         1.03509783
146 267         1.08163046
146 147         1.36741968
146 259         1.36962622
146 157         1.37307812
146 97         1.38631043
146 63          1.5666326
146 119         1.58078384
146 202         1.73737606
147 129        0.754984874
147 88        0.975330326
147 181         1.05522736
147 231           1.155921
147 146         1.36741968
147 97         1.38368827
147 90         1.41487445
147 188         1.48157152
147 210         1.55108409
147 65         1.56528524
148 160        0.447090369
148 125        0.583099276
148 190        0.599288029
148 203        0.665651876
148 235        0.907340116
148 2931          1.0095722
148 250         1.06724048
148 189          1.1665275
148 2936         1.19195823
148 137         1.24142563
149 176        0.349341291
149 107        0.605277662
149 106        0.735366949
149 206        0.735671368
149 150        0.781277248
149 204        0.895645055
149 151        0.937510919
149 177         1.03221355
149 238         1.06834527
149 108         1.11919471
150 204        0.543620424
150 108        0.730500653
150 149        0.781277248
150 176        0.817411004
150 168        0.825209894
150 107        0.832119112
150 237        0.873804372
150 208         1.11927722
150 124         1.13252515
150 206         1.13813098
151 177        0.349636776
151 113        0.669886646
151 106        0.672291932
151 154        0.880606319
151 209        0.886336797
151 149        0.937510919
151 176        0.963899525
151 206        0.971003618
151 178        0.972960348
151 84          1.0478208
152 179        0.342481943
152 105        0.585056933
152 104        0.627374952
152 205        0.869694894
152 123        0.880596064
152 103        0.948027918
152 145        0.967914376
152 153        0.993869131
152 180        0.995096951
152 79         1.23795314
153 180        0.344210782
153 123        0.425201354
153 142        0.822971278
153 207        0.942100729
153 79        0.942486301
153 152        0.993869131
153 93          1.0784443
153 105         1.08990132
153 179         1.10495666
153 124         1.21239946
154 178        0.350398402
154 114        0.632032922
154 113        0.634342442
154 211        0.700493864
154 155        0.738148383
154 151        0.880606319
154 177        0.915190504
154 85         1.00568453
154 212         1.08597555
154 239         1.08722239
155 156         0.48948854
155 212        0.630803699
155 200        0.684500611
155 178        0.704208914
155 114        0.735675119
155 154        0.738148383
155 117        0.776178932
155 211        0.824927458
155 240        0.991030468
155 195        0.993284931
156 155         0.48948854
156 117        0.536689654
156 200         0.58300755
